963.19  6.39  7.88
811.83  6.57  7.55
707.46  6.66  6.95
633.60  6.65  6.24
536.94  6.48  5.25
473.27  6.27  4.81
426.19  6.06  4.53
374.07  5.78  4.19
335.83  5.54  3.93
297.67  5.27  3.72
268.43  5.06  3.61
239.58  4.84  3.57
216.42  4.68  3.57
193.84  4.54  3.60
175.39  4.43  3.62
157.75  4.34  3.65
143.23  4.27  3.68
129.53  4.20  3.70
116.87  4.15  3.72
105.36  4.11  3.74
 95.01  4.07  3.76
 85.77  4.04  3.78
 77.55  4.02  3.80
 70.27  4.00  3.82
 63.83  3.98  3.83
 57.81  3.97  3.84
 52.55  3.96  3.84
 47.73  3.95  3.84
 43.37  3.94  3.83
 39.29  3.93  3.81
 35.69  3.91  3.79
 32.42  3.90  3.76
 29.39  3.89  3.71
 26.72  3.87  3.65
 24.26  3.84  3.57
 22.05  3.81  3.47




































/




































/

